{"nbformat":4,"nbformat_minor":0,"metadata":{"colab":{"provenance":[],"authorship_tag":"ABX9TyMoOZEpcGA9j8LZQkReWNKr"},"kernelspec":{"name":"python3","display_name":"Python 3"},"language_info":{"name":"python"}},"cells":[{"cell_type":"markdown","source":["# **Create a 2x3 matrix**"],"metadata":{"id":"Pi4TUmH2MB1J"}},{"cell_type":"code","source":["import numpy as np\n","\n","A = np.array([[1, 2, 3], [4, 5, 6]])\n","print(\"Matrix A:\")\n","print(A)"],"metadata":{"colab":{"base_uri":"https://localhost:8080/"},"id":"Q0U9_XabMrFe","executionInfo":{"status":"ok","timestamp":1733981469548,"user_tz":-480,"elapsed":927,"user":{"displayName":"Francis Jalen Amad","userId":"14837759361571630168"}},"outputId":"e3eb1a36-f2e0-4ebf-8bb5-860cb8cfb1f2"},"execution_count":2,"outputs":[{"output_type":"stream","name":"stdout","text":["Matrix A:\n","[[1 2 3]\n"," [4 5 6]]\n"]}]},{"cell_type":"code","source":["# 3x3 Zero Matrix\n","zero_matrix = np.zeros((3, 3))\n","print(\"Zero Matrix:\")\n","print(zero_matrix)\n","\n","# 3x3 Identity Matrix\n","identity_matrix = np.eye(3)\n","print(\"Identity Matrix:\")\n","print(identity_matrix)"],"metadata":{"colab":{"base_uri":"https://localhost:8080/"},"id":"3j6H25VCSaHe","executionInfo":{"status":"ok","timestamp":1733981469548,"user_tz":-480,"elapsed":22,"user":{"displayName":"Francis Jalen Amad","userId":"14837759361571630168"}},"outputId":"d37b4b73-66d3-4d85-8f68-9c6457f44f01"},"execution_count":3,"outputs":[{"output_type":"stream","name":"stdout","text":["Zero Matrix:\n","[[0. 0. 0.]\n"," [0. 0. 0.]\n"," [0. 0. 0.]]\n","Identity Matrix:\n","[[1. 0. 0.]\n"," [0. 1. 0.]\n"," [0. 0. 1.]]\n"]}]},{"cell_type":"markdown","source":["# **Define Two Matrices Of The Same Shape**"],"metadata":{"id":"fytyGHAHMB3D"}},{"cell_type":"code","source":["B = np.array([[1, 2], [3, 4]])\n","C = np.array([[5, 6], [7, 8]])\n","\n","# Matrix Addition\n","addition_result = B + C\n","print(\"B + C:\")\n","print(addition_result)\n","\n","# Matrix Subtraction\n","subtraction_result = B - C\n","print(\"B - C:\")\n","print(subtraction_result)"],"metadata":{"colab":{"base_uri":"https://localhost:8080/"},"id":"53jEIKMcMr08","executionInfo":{"status":"ok","timestamp":1733981469548,"user_tz":-480,"elapsed":17,"user":{"displayName":"Francis Jalen Amad","userId":"14837759361571630168"}},"outputId":"fd34f4e1-3d00-46c2-b446-a0a12940d5f0"},"execution_count":4,"outputs":[{"output_type":"stream","name":"stdout","text":["B + C:\n","[[ 6  8]\n"," [10 12]]\n","B - C:\n","[[-4 -4]\n"," [-4 -4]]\n"]}]},{"cell_type":"markdown","source":["# **Exercise 1**"],"metadata":{"id":"FusT7cnnMB5S"}},{"cell_type":"code","source":["B = np.array([[5, 6], [8, 7]])\n","C = np.array([[2, 1], [4, 2]])\n","\n","\n","addition_result = B + C\n","print(\"B + C:\")\n","print(addition_result)\n","\n","# Matrix Subtraction\n","subtraction_result = B - C\n","print(\"B - C:\")\n","print(subtraction_result)"],"metadata":{"colab":{"base_uri":"https://localhost:8080/"},"id":"9ueCJKEsMwsp","executionInfo":{"status":"ok","timestamp":1733981469550,"user_tz":-480,"elapsed":17,"user":{"displayName":"Francis Jalen Amad","userId":"14837759361571630168"}},"outputId":"1afc7d5a-3956-4f9a-e401-f6b75fa76920"},"execution_count":5,"outputs":[{"output_type":"stream","name":"stdout","text":["B + C:\n","[[ 7  7]\n"," [12  9]]\n","B - C:\n","[[3 5]\n"," [4 5]]\n"]}]},{"cell_type":"markdown","source":["# **Defining Matrices for Multiplication**"],"metadata":{"id":"JBk3Xig2MB7D"}},{"cell_type":"code","source":["D = np.array([[1, 2], [3, 4]])\n","E = np.array([[2, 0], [1, 2]])\n","\n","# Matrix Multiplication\n","multiplication_result = np.dot(D, E)\n","print(\"D * E (Matrix Multiplication):\")\n","print(multiplication_result)"],"metadata":{"colab":{"base_uri":"https://localhost:8080/"},"id":"lmXK_UV5P1N8","executionInfo":{"status":"ok","timestamp":1733981469550,"user_tz":-480,"elapsed":15,"user":{"displayName":"Francis Jalen Amad","userId":"14837759361571630168"}},"outputId":"073e8000-efb2-470a-fa3a-a0948d36ef95"},"execution_count":6,"outputs":[{"output_type":"stream","name":"stdout","text":["D * E (Matrix Multiplication):\n","[[ 4  4]\n"," [10  8]]\n"]}]},{"cell_type":"markdown","source":["## **Exercise 2**"],"metadata":{"id":"6bErbRrzUzCx"}},{"cell_type":"code","source":["# Define matrices for multiplication\n","D = np.array([[3, 7, 1], [2, 1,9]])\n","E = np.array([[5, 2], [1, 2],[6,4]])\n","\n","# Matrix Multiplication\n","multiplication_result = np.dot(D, E)\n","print(\"D * E (Matrix Multiplication):\")\n","print(multiplication_result)"],"metadata":{"colab":{"base_uri":"https://localhost:8080/"},"id":"OZGCxcwrVF-l","executionInfo":{"status":"ok","timestamp":1733981469550,"user_tz":-480,"elapsed":12,"user":{"displayName":"Francis Jalen Amad","userId":"14837759361571630168"}},"outputId":"7964dedc-52d1-4e47-efb3-755d0cad343b"},"execution_count":7,"outputs":[{"output_type":"stream","name":"stdout","text":["D * E (Matrix Multiplication):\n","[[28 24]\n"," [65 42]]\n"]}]},{"cell_type":"markdown","source":["## **Defining Matrices for Multiplication**"],"metadata":{"id":"rJap4nKRVMDY"}},{"cell_type":"code","source":["D = np.array([[3, 7, 1], [2, 1, 9]])\n","E = np.array([[5, 2, 1], [6, 4, 1]])  # Define E directly in the shape (2, 3)\n","\n","# Element-wise Multiplication\n","elementwise_result = D * E\n","print(\"D * E (Element-wise Multiplication):\")\n","print(elementwise_result)"],"metadata":{"colab":{"base_uri":"https://localhost:8080/"},"id":"6EHUmOXVVVNk","executionInfo":{"status":"ok","timestamp":1733981470151,"user_tz":-480,"elapsed":77,"user":{"displayName":"Francis Jalen Amad","userId":"14837759361571630168"}},"outputId":"64631758-512f-45e5-aeca-9005ce49e618"},"execution_count":8,"outputs":[{"output_type":"stream","name":"stdout","text":["D * E (Element-wise Multiplication):\n","[[15 14  1]\n"," [12  4  9]]\n"]}]},{"cell_type":"markdown","source":["# **Transpose of a Matrix**"],"metadata":{"id":"XJ-l0LD6MB9B"}},{"cell_type":"code","source":["transpose_result = D.T\n","print(\"Transpose of D:\")\n","print(transpose_result)"],"metadata":{"colab":{"base_uri":"https://localhost:8080/"},"id":"4aodz4ptQKZv","executionInfo":{"status":"ok","timestamp":1733981470151,"user_tz":-480,"elapsed":71,"user":{"displayName":"Francis Jalen Amad","userId":"14837759361571630168"}},"outputId":"8a5c8222-dd00-4aeb-e733-62fc9eb8f880"},"execution_count":9,"outputs":[{"output_type":"stream","name":"stdout","text":["Transpose of D:\n","[[3 2]\n"," [7 1]\n"," [1 9]]\n"]}]},{"cell_type":"markdown","source":["# **Exercise 3: Matrix Transpose**"],"metadata":{"id":"0Rzs3l8_MB_B"}},{"cell_type":"code","source":["d = np.array([[1, 2, 3], [4, 5, 6]])\n","\n","\n","transpose_matrix = d.T\n","print(\"Original Matrix (2x3):\")\n","print(d)\n","print(\"\\nTranspose of the Matrix (3x2):\")\n","print(transpose_matrix)"],"metadata":{"colab":{"base_uri":"https://localhost:8080/"},"id":"qPkmgYxuQLKN","executionInfo":{"status":"ok","timestamp":1733981470151,"user_tz":-480,"elapsed":68,"user":{"displayName":"Francis Jalen Amad","userId":"14837759361571630168"}},"outputId":"11b5b473-e11c-4ff9-d50f-abab5233c352"},"execution_count":10,"outputs":[{"output_type":"stream","name":"stdout","text":["Original Matrix (2x3):\n","[[1 2 3]\n"," [4 5 6]]\n","\n","Transpose of the Matrix (3x2):\n","[[1 4]\n"," [2 5]\n"," [3 6]]\n"]}]},{"cell_type":"markdown","source":["## **Define a 2x2 Square Matrix**"],"metadata":{"id":"m4eYVyk6MCBO"}},{"cell_type":"code","source":["F = np.array([[4, 2], [3, 1]])\n","\n","# Determinant of F\n","determinant_result = np.linalg.det(F)\n","print(\"Determinant of F:\", determinant_result)"],"metadata":{"colab":{"base_uri":"https://localhost:8080/"},"id":"8gd5aF3RQL1-","executionInfo":{"status":"ok","timestamp":1733981470151,"user_tz":-480,"elapsed":65,"user":{"displayName":"Francis Jalen Amad","userId":"14837759361571630168"}},"outputId":"74e72548-1b88-46c3-96a2-7f338c393b5d"},"execution_count":11,"outputs":[{"output_type":"stream","name":"stdout","text":["Determinant of F: -2.0\n"]}]},{"cell_type":"markdown","source":["# **Exercise 4: Calculating the Determinant**"],"metadata":{"id":"kXgTuNifMCC9"}},{"cell_type":"code","source":["F = np.array([[9, 8, 3], [2, 1, 6],[8,6,7]])\n","\n","determinant_result = np.linalg.det(F)\n","print(\"Determinant of F:\", determinant_result)"],"metadata":{"colab":{"base_uri":"https://localhost:8080/"},"id":"0d3_SAAJQNHo","executionInfo":{"status":"ok","timestamp":1733981470151,"user_tz":-480,"elapsed":61,"user":{"displayName":"Francis Jalen Amad","userId":"14837759361571630168"}},"outputId":"f45ef89c-f8f1-49aa-d57f-1f0436440292"},"execution_count":12,"outputs":[{"output_type":"stream","name":"stdout","text":["Determinant of F: 22.99999999999998\n"]}]},{"cell_type":"markdown","source":["## **Matrix Inverse**"],"metadata":{"id":"ByI05VCoMCE8"}},{"cell_type":"code","source":["# Define an invertible 2x2 matrix\n","G = np.array([[4, 7], [2, 6]])\n","\n","# Inverse of G\n","inverse_result = np.linalg.inv(G)\n","print(\"Inverse of G:\")\n","print(inverse_result)"],"metadata":{"colab":{"base_uri":"https://localhost:8080/"},"id":"3fme47gBVh0l","executionInfo":{"status":"ok","timestamp":1733981470151,"user_tz":-480,"elapsed":56,"user":{"displayName":"Francis Jalen Amad","userId":"14837759361571630168"}},"outputId":"73e1d836-13a6-4ade-f8cc-a504fc2dac5a"},"execution_count":13,"outputs":[{"output_type":"stream","name":"stdout","text":["Inverse of G:\n","[[ 0.6 -0.7]\n"," [-0.2  0.4]]\n"]}]},{"cell_type":"markdown","source":["# **Exercise 5: Finding the Inverse**"],"metadata":{"id":"mbn0Zn6CMCG7"}},{"cell_type":"code","source":["matrix = np.array([[4, 7, 2],\n","                   [3, 6, 1],\n","                   [2, 5, 9]])\n","\n","# Calculate the inverse of the matrix\n","inverse_result = np.linalg.inv(matrix)\n","\n","# Print the inverse\n","print(\"Inverse of the matrix:\")\n","print(inverse_result)"],"metadata":{"colab":{"base_uri":"https://localhost:8080/"},"id":"tWDqIbdvVikw","executionInfo":{"status":"ok","timestamp":1733981470152,"user_tz":-480,"elapsed":54,"user":{"displayName":"Francis Jalen Amad","userId":"14837759361571630168"}},"outputId":"9018f15f-795d-4b0f-8235-f3d804df9ee9"},"execution_count":14,"outputs":[{"output_type":"stream","name":"stdout","text":["Inverse of the matrix:\n","[[ 1.81481481 -1.96296296 -0.18518519]\n"," [-0.92592593  1.18518519  0.07407407]\n"," [ 0.11111111 -0.22222222  0.11111111]]\n"]}]},{"cell_type":"markdown","source":["# **Additional Challenge**"],"metadata":{"id":"2B12W3xrMCI7"}},{"cell_type":"code","source":["A = [\n","    [1, 2, 3],\n","    [4, 5, 6],\n","    [7, 8, 9]\n","]\n","\n","B = [\n","    [9, 8, 7],\n","    [6, 5, 4],\n","    [3, 2, 1]\n","]\n","\n","\n","result = [[0 for _ in range(len(B[0]))] for _ in range(len(A))]\n","\n","\n","for i in range(len(A)):\n","    for j in range(len(B[0])):\n","        for k in range(len(B)):\n","            result[i][j] += A[i][k] * B[k][j]\n","\n","\n","print(\"Result of matrix multiplication:\")\n","for row in result:\n","    print(row)"],"metadata":{"colab":{"base_uri":"https://localhost:8080/"},"id":"wACDkqqcVjKn","executionInfo":{"status":"ok","timestamp":1733981470152,"user_tz":-480,"elapsed":51,"user":{"displayName":"Francis Jalen Amad","userId":"14837759361571630168"}},"outputId":"aa503cd2-2f30-41c6-91bd-62dab84b7524"},"execution_count":15,"outputs":[{"output_type":"stream","name":"stdout","text":["Result of matrix multiplication:\n","[30, 24, 18]\n","[84, 69, 54]\n","[138, 114, 90]\n"]}]},{"cell_type":"markdown","source":["# **Generating a Random 10×1010 \\times 1010×10 Matrix and Performing Basic Operations**"],"metadata":{"id":"V6sKzLECMCKf"}},{"cell_type":"code","source":["# Generate a random 10x10 matrix\n","random_matrix_A = np.random.rand(10, 10)\n","print(\"Random 10x10 Matrix A:\")\n","print(random_matrix_A)"],"metadata":{"colab":{"base_uri":"https://localhost:8080/"},"id":"2ig6PvLTVr-Y","executionInfo":{"status":"ok","timestamp":1733981470152,"user_tz":-480,"elapsed":48,"user":{"displayName":"Francis Jalen Amad","userId":"14837759361571630168"}},"outputId":"3a875138-0f43-4c19-9964-a7b966d50f94"},"execution_count":16,"outputs":[{"output_type":"stream","name":"stdout","text":["Random 10x10 Matrix A:\n","[[0.66274181 0.78176632 0.87116509 0.89044775 0.35051077 0.20179185\n","  0.00756648 0.44400337 0.14725903 0.40480957]\n"," [0.72132195 0.16456419 0.55417064 0.9908704  0.75875332 0.76074568\n","  0.90130572 0.16250788 0.857479   0.81075644]\n"," [0.46942472 0.52489316 0.63545318 0.88417099 0.85996137 0.3402342\n","  0.51259648 0.49075713 0.72671635 0.90468657]\n"," [0.61055932 0.48745594 0.69609115 0.0765469  0.13292868 0.06039129\n","  0.90013787 0.99620124 0.96547912 0.66891391]\n"," [0.38049602 0.68849058 0.9659428  0.52087051 0.5884536  0.64789912\n","  0.34343697 0.83144422 0.784666   0.5208126 ]\n"," [0.28383622 0.782474   0.2096333  0.38186246 0.14222569 0.52693446\n","  0.36410058 0.52629761 0.33116202 0.17075939]\n"," [0.37547979 0.36422836 0.28597639 0.7709788  0.67139911 0.97078428\n","  0.02965234 0.38148744 0.50361008 0.12814617]\n"," [0.88493728 0.61047794 0.46313278 0.62177462 0.69273578 0.81539431\n","  0.47282921 0.02600966 0.05469635 0.61170221]\n"," [0.26934694 0.69645181 0.4827686  0.86318463 0.9597258  0.78351277\n","  0.23460802 0.34133228 0.80417924 0.47463593]\n"," [0.72843684 0.04302396 0.27235157 0.3178864  0.00825693 0.1428509\n","  0.8940877  0.08090378 0.2688034  0.10003445]]\n"]}]},{"cell_type":"markdown","source":["# **Creating Another Random Matrix of the Same Size**"],"metadata":{"id":"KHdDmEFNMCMa"}},{"cell_type":"markdown","source":["## **Generate a Second Random 10x10 Matrix**"],"metadata":{"id":"uJirEwUPMCOa"}},{"cell_type":"code","source":["random_matrix_B = np.random.rand(10, 10)\n","print(\"\\nRandom 10x10 Matrix B:\")\n","print(random_matrix_B)"],"metadata":{"colab":{"base_uri":"https://localhost:8080/"},"id":"Arz3xn04VvD2","executionInfo":{"status":"ok","timestamp":1733981470152,"user_tz":-480,"elapsed":43,"user":{"displayName":"Francis Jalen Amad","userId":"14837759361571630168"}},"outputId":"9349bbe0-ba3d-42a5-a077-063e2c74665b"},"execution_count":17,"outputs":[{"output_type":"stream","name":"stdout","text":["\n","Random 10x10 Matrix B:\n","[[0.94031894 0.33178271 0.76468781 0.69194852 0.71418233 0.54042818\n","  0.15871545 0.70729523 0.95449885 0.4644758 ]\n"," [0.6914506  0.17887977 0.74129824 0.36512112 0.20886015 0.50766579\n","  0.93689678 0.442623   0.87756727 0.90875042]\n"," [0.40555755 0.47038685 0.46525186 0.62986414 0.14284381 0.09800895\n","  0.14909499 0.26298584 0.02115119 0.46936631]\n"," [0.571441   0.94237848 0.07814449 0.52384081 0.9658746  0.81802326\n","  0.52823606 0.30477427 0.07565057 0.98524387]\n"," [0.36690562 0.42358656 0.3168151  0.40202757 0.72191242 0.3523504\n","  0.80369896 0.60079747 0.82235217 0.12061443]\n"," [0.89138706 0.24875529 0.63572686 0.43470572 0.4099236  0.76516123\n","  0.547527   0.49657554 0.34622205 0.45849679]\n"," [0.9083403  0.24749866 0.40506101 0.26644844 0.26332027 0.55970613\n","  0.94579475 0.56402036 0.06502413 0.54346654]\n"," [0.16814323 0.22590074 0.55447526 0.17780864 0.55911463 0.11545543\n","  0.86245302 0.7501782  0.64361239 0.06348583]\n"," [0.94617999 0.88552449 0.02887315 0.11813253 0.78480634 0.90884445\n","  0.77270936 0.0963614  0.8996246  0.70402884]\n"," [0.67823111 0.65871165 0.80554883 0.628395   0.04954767 0.99104262\n","  0.54192071 0.22496683 0.00908535 0.2788771 ]]\n"]}]},{"cell_type":"markdown","source":["## **Matrix Addition**"],"metadata":{"id":"eFkIAgCWMCQg"}},{"cell_type":"code","source":["addition_result = random_matrix_A + random_matrix_B\n","print(\"\\nA + B (Matrix Addition):\")\n","print(addition_result)"],"metadata":{"colab":{"base_uri":"https://localhost:8080/"},"id":"FAljofZfVyr3","executionInfo":{"status":"ok","timestamp":1733981470152,"user_tz":-480,"elapsed":40,"user":{"displayName":"Francis Jalen Amad","userId":"14837759361571630168"}},"outputId":"5a84246a-2a95-4d17-b50e-ab421d644adc"},"execution_count":18,"outputs":[{"output_type":"stream","name":"stdout","text":["\n","A + B (Matrix Addition):\n","[[1.60306075 1.11354903 1.6358529  1.58239627 1.06469309 0.74222003\n","  0.16628193 1.1512986  1.10175788 0.86928537]\n"," [1.41277254 0.34344396 1.29546888 1.35599152 0.96761348 1.26841147\n","  1.83820251 0.60513088 1.73504627 1.71950686]\n"," [0.87498227 0.99528001 1.10070503 1.51403513 1.00280517 0.43824315\n","  0.66169147 0.75374297 0.74786755 1.37405288]\n"," [1.18200032 1.42983442 0.77423564 0.60038771 1.09880327 0.87841455\n","  1.42837393 1.30097551 1.04112969 1.65415778]\n"," [0.74740163 1.11207713 1.28275791 0.92289808 1.31036602 1.00024952\n","  1.14713593 1.43224169 1.60701816 0.64142703]\n"," [1.17522328 1.03122928 0.84536016 0.81656818 0.55214929 1.29209569\n","  0.91162757 1.02287315 0.67738406 0.62925618]\n"," [1.28382009 0.61172702 0.6910374  1.03742724 0.93471937 1.53049041\n","  0.9754471  0.9455078  0.56863422 0.67161271]\n"," [1.05308052 0.83637868 1.01760804 0.79958326 1.25185041 0.93084974\n","  1.33528223 0.77618786 0.69830874 0.67518803]\n"," [1.21552693 1.5819763  0.51164176 0.98131716 1.74453213 1.69235722\n","  1.00731738 0.43769368 1.70380384 1.17866477]\n"," [1.40666795 0.70173561 1.0779004  0.9462814  0.0578046  1.13389353\n","  1.43600841 0.30587061 0.27788875 0.37891155]]\n"]}]},{"cell_type":"markdown","source":["## **Matrix Subtraction**"],"metadata":{"id":"6UrVZTs3MCSh"}},{"cell_type":"code","source":["subtraction_result = random_matrix_A - random_matrix_B\n","print(\"\\nA - B (Matrix Subtraction):\")\n","print(subtraction_result)"],"metadata":{"colab":{"base_uri":"https://localhost:8080/"},"id":"0hwthhJUV085","executionInfo":{"status":"ok","timestamp":1733981470152,"user_tz":-480,"elapsed":37,"user":{"displayName":"Francis Jalen Amad","userId":"14837759361571630168"}},"outputId":"4c404217-3003-4dca-837d-5aa70056e1bd"},"execution_count":19,"outputs":[{"output_type":"stream","name":"stdout","text":["\n","A - B (Matrix Subtraction):\n","[[-0.27757713  0.44998361  0.10647728  0.19849923 -0.36367156 -0.33863634\n","  -0.15114897 -0.26329186 -0.80723982 -0.05966623]\n"," [ 0.02987135 -0.01431559 -0.1871276   0.62574928  0.54989317  0.2530799\n","  -0.03559106 -0.28011513 -0.02008828 -0.09799399]\n"," [ 0.06386717  0.05450632  0.17020132  0.25430685  0.71711756  0.24222525\n","   0.36350149  0.22777129  0.70556516  0.43532026]\n"," [ 0.03911832 -0.45492255  0.61794666 -0.44729391 -0.83294592 -0.75763196\n","   0.37190181  0.69142698  0.88982855 -0.31632996]\n"," [ 0.0135904   0.26490402  0.6491277   0.11884294 -0.13345882  0.29554872\n","  -0.460262    0.23064675 -0.03768617  0.40019817]\n"," [-0.60755084  0.53371871 -0.42609357 -0.05284326 -0.2676979  -0.23822677\n","  -0.18342642  0.02972207 -0.01506003 -0.2877374 ]\n"," [-0.53286051  0.1167297  -0.11908461  0.50453037  0.40807884  0.41107815\n","  -0.91614241 -0.18253293  0.43858595 -0.41532036]\n"," [ 0.71679405  0.3845772  -0.09134248  0.44396598  0.13362115  0.69993888\n","  -0.38962381 -0.72416854 -0.58891604  0.54821638]\n"," [-0.67683304 -0.18907269  0.45389545  0.74505211  0.17491946 -0.12533168\n","  -0.53810135  0.24497088 -0.09544535 -0.2293929 ]\n"," [ 0.05020573 -0.61568768 -0.53319727 -0.3105086  -0.04129074 -0.84819172\n","   0.35216699 -0.14406306  0.25971805 -0.17884264]]\n"]}]},{"cell_type":"markdown","source":["## **Matrix Multiplication**"],"metadata":{"id":"R70sA-pdMCUp"}},{"cell_type":"code","source":["multiplication_result = np.dot(random_matrix_A, random_matrix_B)\n","print(\"\\nA * B (Matrix Multiplication):\")\n","print(multiplication_result)"],"metadata":{"colab":{"base_uri":"https://localhost:8080/"},"id":"-hE5Y7WIV3Q2","executionInfo":{"status":"ok","timestamp":1733981470152,"user_tz":-480,"elapsed":34,"user":{"displayName":"Francis Jalen Amad","userId":"14837759361571630168"}},"outputId":"1cb2d023-4ed4-42b3-8713-fa9dd2e99130"},"execution_count":20,"outputs":[{"output_type":"stream","name":"stdout","text":["\n","A * B (Matrix Multiplication):\n","[[2.8297835  2.30654793 2.38013843 2.3405663  2.34272542 2.43725191\n","  2.55331781 2.06867051 2.18494973 2.68812607]\n"," [4.74676909 3.52700207 2.86590063 2.94287259 3.48666237 4.29371313\n","  3.99559358 2.75966891 2.74892167 3.49119621]\n"," [4.03543664 3.30785749 2.83104671 2.75170202 3.17446302 3.76967398\n","  3.96538197 2.61737603 2.82519054 3.19779849]\n"," [3.69215479 2.50406907 2.72228203 2.11006091 2.41681898 2.96053708\n","  3.65677564 2.4623915  2.73563473 2.59113662]\n"," [3.86409875 2.91578269 2.93208916 2.57346892 2.94393986 3.29650361\n","  3.88273719 2.67212813 3.00354395 3.07410005]\n"," [2.4814287  1.49866976 1.89092973 1.4374332  1.74208642 2.07160762\n","  2.56063427 1.7362246  1.95219285 2.08834073]\n"," [2.92764756 2.20057516 1.92159364 1.88447475 2.63508035 2.67125016\n","  2.73751795 2.00268106 2.3323195  2.35593282]\n"," [3.67886495 2.27714537 2.83142749 2.60706791 2.47284933 3.1337567\n","  2.95649398 2.45760105 2.39146991 2.72090783]\n"," [3.82773331 3.01585133 2.50631515 2.43980851 3.16179381 3.56220004\n","  3.81840759 2.42713819 2.96700071 3.1577454 ]\n"," [2.28510661 1.25957879 1.32926663 1.27046296 1.43626456 1.66766029\n","  1.62661613 1.39205113 1.17204459 1.59314584]]\n"]}]},{"cell_type":"code","source":["# Transpose of random_matrix_A\n","transpose_result_A = random_matrix_A.T\n","print(\"\\nTranspose of Matrix A:\")\n","print(transpose_result_A)\n","\n","# Transpose of random_matrix_B\n","transpose_result_B = random_matrix_B.T\n","print(\"\\nTranspose of Matrix B:\")\n","print(transpose_result_B)"],"metadata":{"colab":{"base_uri":"https://localhost:8080/"},"id":"GvMJGJV0V9Kw","executionInfo":{"status":"ok","timestamp":1733981470152,"user_tz":-480,"elapsed":30,"user":{"displayName":"Francis Jalen Amad","userId":"14837759361571630168"}},"outputId":"bd2c24ba-00de-4211-a98e-e3ece5f21cf0"},"execution_count":21,"outputs":[{"output_type":"stream","name":"stdout","text":["\n","Transpose of Matrix A:\n","[[0.66274181 0.72132195 0.46942472 0.61055932 0.38049602 0.28383622\n","  0.37547979 0.88493728 0.26934694 0.72843684]\n"," [0.78176632 0.16456419 0.52489316 0.48745594 0.68849058 0.782474\n","  0.36422836 0.61047794 0.69645181 0.04302396]\n"," [0.87116509 0.55417064 0.63545318 0.69609115 0.9659428  0.2096333\n","  0.28597639 0.46313278 0.4827686  0.27235157]\n"," [0.89044775 0.9908704  0.88417099 0.0765469  0.52087051 0.38186246\n","  0.7709788  0.62177462 0.86318463 0.3178864 ]\n"," [0.35051077 0.75875332 0.85996137 0.13292868 0.5884536  0.14222569\n","  0.67139911 0.69273578 0.9597258  0.00825693]\n"," [0.20179185 0.76074568 0.3402342  0.06039129 0.64789912 0.52693446\n","  0.97078428 0.81539431 0.78351277 0.1428509 ]\n"," [0.00756648 0.90130572 0.51259648 0.90013787 0.34343697 0.36410058\n","  0.02965234 0.47282921 0.23460802 0.8940877 ]\n"," [0.44400337 0.16250788 0.49075713 0.99620124 0.83144422 0.52629761\n","  0.38148744 0.02600966 0.34133228 0.08090378]\n"," [0.14725903 0.857479   0.72671635 0.96547912 0.784666   0.33116202\n","  0.50361008 0.05469635 0.80417924 0.2688034 ]\n"," [0.40480957 0.81075644 0.90468657 0.66891391 0.5208126  0.17075939\n","  0.12814617 0.61170221 0.47463593 0.10003445]]\n","\n","Transpose of Matrix B:\n","[[0.94031894 0.6914506  0.40555755 0.571441   0.36690562 0.89138706\n","  0.9083403  0.16814323 0.94617999 0.67823111]\n"," [0.33178271 0.17887977 0.47038685 0.94237848 0.42358656 0.24875529\n","  0.24749866 0.22590074 0.88552449 0.65871165]\n"," [0.76468781 0.74129824 0.46525186 0.07814449 0.3168151  0.63572686\n","  0.40506101 0.55447526 0.02887315 0.80554883]\n"," [0.69194852 0.36512112 0.62986414 0.52384081 0.40202757 0.43470572\n","  0.26644844 0.17780864 0.11813253 0.628395  ]\n"," [0.71418233 0.20886015 0.14284381 0.9658746  0.72191242 0.4099236\n","  0.26332027 0.55911463 0.78480634 0.04954767]\n"," [0.54042818 0.50766579 0.09800895 0.81802326 0.3523504  0.76516123\n","  0.55970613 0.11545543 0.90884445 0.99104262]\n"," [0.15871545 0.93689678 0.14909499 0.52823606 0.80369896 0.547527\n","  0.94579475 0.86245302 0.77270936 0.54192071]\n"," [0.70729523 0.442623   0.26298584 0.30477427 0.60079747 0.49657554\n","  0.56402036 0.7501782  0.0963614  0.22496683]\n"," [0.95449885 0.87756727 0.02115119 0.07565057 0.82235217 0.34622205\n","  0.06502413 0.64361239 0.8996246  0.00908535]\n"," [0.4644758  0.90875042 0.46936631 0.98524387 0.12061443 0.45849679\n","  0.54346654 0.06348583 0.70402884 0.2788771 ]]\n"]}]},{"cell_type":"markdown","source":["# **Learning Assessment Questions**"],"metadata":{"id":"F57e7NspMCWw"}},{"cell_type":"markdown","source":["## **1. Matrix Creation and Structure**\n","\n","  A matrix is a rectangular array of numbers, symbols, or expressions arranged in rows and columns. Matrices are fundamental in linear algebra and are used in various fields such as physics, computer graphics, and machine learning. The size of a matrix is defined by the number of its rows and columns.\n","\n","\n","Sample Code:"],"metadata":{"id":"9NTQHYnxMCY4"}},{"cell_type":"code","source":["k_3x23 = np.random.randint(1, 10,(3, 23))\n","\n","\n","k_23x2 = np.random.randint(1, 10,(23, 2))\n","\n","print(\"3x23 Matrix:\\n\", k_3x23)\n","print(\"\\n23x2 Matrix:\\n\", k_23x2)"],"metadata":{"colab":{"base_uri":"https://localhost:8080/"},"id":"b66gELvbWAPm","executionInfo":{"status":"ok","timestamp":1733981470152,"user_tz":-480,"elapsed":25,"user":{"displayName":"Francis Jalen Amad","userId":"14837759361571630168"}},"outputId":"987ee3e9-71bd-447c-be23-bfa2f8f7e27e"},"execution_count":22,"outputs":[{"output_type":"stream","name":"stdout","text":["3x23 Matrix:\n"," [[1 4 8 8 1 9 7 6 1 4 3 5 4 4 5 2 9 4 4 4 1 8 1]\n"," [6 9 4 9 9 5 9 6 2 2 2 1 8 2 5 8 4 8 1 3 7 5 2]\n"," [8 4 2 5 7 4 1 3 3 2 4 5 9 3 2 1 7 1 4 9 5 3 7]]\n","\n","23x2 Matrix:\n"," [[5 6]\n"," [4 8]\n"," [6 5]\n"," [6 2]\n"," [4 2]\n"," [3 2]\n"," [4 5]\n"," [5 2]\n"," [7 9]\n"," [2 1]\n"," [6 9]\n"," [4 4]\n"," [2 7]\n"," [2 2]\n"," [4 8]\n"," [5 2]\n"," [9 1]\n"," [5 9]\n"," [6 4]\n"," [9 1]\n"," [2 6]\n"," [6 2]\n"," [1 8]]\n"]}]},{"cell_type":"markdown","source":["## **2. Basic Matrix Operations**\n","  For matrix addition, two matrices must have the same dimensions (same number of rows and columns). You add them by adding each matching element.\n","\n","  For matrix multiplication, the number of columns in the first matrix must equal the number of rows in the second. The result will have the same number of rows as the first matrix and the same number of columns as the second. Each element in the result is a dot product of a row from the first matrix and a column from the second.\n","\n","Sample Code:"],"metadata":{"id":"tDI8yeaKMCbB"}},{"cell_type":"code","source":["A = np.random.randint(1, 10,(5, 5))\n","B = np.random.randint(1, 10,(5, 5))\n","\n","\n","matrix_sum = A + B\n","\n","\n","matrix_product = np.dot(A, B)\n","\n","print(\"Matrix A:\\n\", A)\n","print(\"\\nMatrix B:\\n\", B)\n","print(\"\\nMatrix Addition (A + B):\\n\", matrix_sum)\n","print(\"\\nMatrix Multiplication (A * B):\\n\", matrix_product)"],"metadata":{"colab":{"base_uri":"https://localhost:8080/"},"id":"e-FuZUjuWDxI","executionInfo":{"status":"ok","timestamp":1733981470152,"user_tz":-480,"elapsed":22,"user":{"displayName":"Francis Jalen Amad","userId":"14837759361571630168"}},"outputId":"dfbb2139-c96f-4085-a138-7452aa765728"},"execution_count":23,"outputs":[{"output_type":"stream","name":"stdout","text":["Matrix A:\n"," [[6 8 8 9 4]\n"," [2 5 7 9 7]\n"," [2 9 1 9 9]\n"," [2 1 4 4 7]\n"," [8 2 1 3 2]]\n","\n","Matrix B:\n"," [[5 2 1 3 5]\n"," [8 8 8 6 5]\n"," [7 9 5 5 7]\n"," [8 7 7 6 8]\n"," [1 7 5 5 6]]\n","\n","Matrix Addition (A + B):\n"," [[11 10  9 12  9]\n"," [10 13 15 15 12]\n"," [ 9 18  6 14 16]\n"," [10  8 11 10 15]\n"," [ 9  9  6  8  8]]\n","\n","Matrix Multiplication (A * B):\n"," [[226 239 193 180 222]\n"," [178 219 175 160 198]\n"," [170 211 187 164 188]\n"," [ 85 125  93  91 117]\n"," [ 89  76  60  69  93]]\n"]}]},{"cell_type":"markdown","source":["## **3. Matrix Transposition**\n","  The transpose of a matrix is obtained by flipping it over its diagonal, which swaps its rows and columns. If a matrix has dimensions 𝑚 × 𝑛 m×n, its transpose will have dimensions 𝑛 × 𝑚\n","\n","Sample Code:"],"metadata":{"id":"pFmR8l5DMCdC"}},{"cell_type":"code","source":["k = np.random.randint(1, 10, (3, 2))\n","\n","\n","matrix_transpose = k.T\n","\n","print(\"Original 3x2 Matrix:\\n\", matrix)\n","print(\"\\nTranspose of the Matrix (2x3):\\n\", matrix_transpose)"],"metadata":{"colab":{"base_uri":"https://localhost:8080/"},"id":"T9yl35pyWJ4q","executionInfo":{"status":"ok","timestamp":1733981470152,"user_tz":-480,"elapsed":19,"user":{"displayName":"Francis Jalen Amad","userId":"14837759361571630168"}},"outputId":"6052031c-7458-4bb5-ae86-b8b4d66586c3"},"execution_count":24,"outputs":[{"output_type":"stream","name":"stdout","text":["Original 3x2 Matrix:\n"," [[4 7 2]\n"," [3 6 1]\n"," [2 5 9]]\n","\n","Transpose of the Matrix (2x3):\n"," [[9 9 9]\n"," [1 4 9]]\n"]}]},{"cell_type":"markdown","source":["## **4. Working with Large Matrices**"],"metadata":{"id":"eK-eMeIEMCfV"}},{"cell_type":"code","source":["matrix = np.random.randint(1, 11, (5, 5))\n","\n","matrix_sum = np.sum(matrix)\n","\n","\n","matrix_transpose = matrix.T\n","\n","# Print the results\n","print(\"Original 5x5 Matrix:\\n\", matrix)\n","print(\"\\nSum of all elements in the matrix:\", matrix_sum)\n","print(\"\\nTranspose of the Matrix:\\n\", matrix_transpose)"],"metadata":{"colab":{"base_uri":"https://localhost:8080/"},"id":"cy8MswrOWOCI","executionInfo":{"status":"ok","timestamp":1733981470152,"user_tz":-480,"elapsed":16,"user":{"displayName":"Francis Jalen Amad","userId":"14837759361571630168"}},"outputId":"67204019-33e3-438a-b8a9-8fc2ad915a4e"},"execution_count":25,"outputs":[{"output_type":"stream","name":"stdout","text":["Original 5x5 Matrix:\n"," [[ 8  4 10  7  9]\n"," [ 7  8  4  2  3]\n"," [ 7  8  3  5  4]\n"," [ 5  6 10 10  1]\n"," [ 7  6  3  1  8]]\n","\n","Sum of all elements in the matrix: 146\n","\n","Transpose of the Matrix:\n"," [[ 8  7  7  5  7]\n"," [ 4  8  8  6  6]\n"," [10  4  3 10  3]\n"," [ 7  2  5 10  1]\n"," [ 9  3  4  1  8]]\n"]}]},{"cell_type":"markdown","source":["## **Answer:**\n","\n","  If we want to make a random 5 × 5 5x5 matrix in NumPy, we can just write np.random.randint(1, 11, (5, 5)) because we want to generate a whole number between 1 and 10 for each element in the matrix. Next we can compute the sum of all elements of the matrix using np.sum(matrix). Finally, to get the transpose of the matrix we are using matrix.T, which flips the matrix across the diagonal, making rows into columns. This gives us the total of the matrix elements and it’s transposed form.\n","\n","## **Applying Matrix Operations in Context**\n","\n","  Matrix Addition (D + E): Adds matching elements from both matrices. This can help in tasks like merging two images or increasing brightness.\n","\n","  Matrix Subtraction (D - E): Finds differences between two matrices. This is useful in detecting changes between images or video frames, such as movement.\n","\n","  Matrix Multiplication (D * E): Combines matrices in a way that’s essential for tasks in graphics (e.g., rotating objects) and machine learning calculations."],"metadata":{"id":"rNZSO7M5MChQ"}},{"cell_type":"code","source":["D = np.random.randint(1, 11, (10, 10))\n","E = np.random.randint(1, 11, (10, 10))\n","\n","\n","matrix_addition = D + E\n","print(\"Matrix Addition (D + E):\\n\", matrix_addition)\n","\n","\n","matrix_subtraction = D - E\n","print(\"\\nMatrix Subtraction (D - E):\\n\", matrix_subtraction)\n","\n","\n","matrix_multiplication = np.dot(D, E)\n","print(\"\\nMatrix Multiplication (D * E):\\n\", matrix_multiplication)"],"metadata":{"colab":{"base_uri":"https://localhost:8080/"},"id":"g5COT3QoWSmk","executionInfo":{"status":"ok","timestamp":1733981470152,"user_tz":-480,"elapsed":14,"user":{"displayName":"Francis Jalen Amad","userId":"14837759361571630168"}},"outputId":"a7039fd6-df93-4bc5-dcf0-7b1e69f9411a"},"execution_count":26,"outputs":[{"output_type":"stream","name":"stdout","text":["Matrix Addition (D + E):\n"," [[ 8 10 13 15 11 11 11 12  6 14]\n"," [15 10  8 14 13 11 13  9  3  7]\n"," [ 6 10 15  7 16 18 11 11  9 13]\n"," [ 5  8 14 13 10  5  9 11  4 11]\n"," [ 8 20  7  8 10 13 10 15 16  8]\n"," [13 12  5  8 10 14  5  6  6 10]\n"," [14 14 16  7 12 11 15 10  3  7]\n"," [10 11 18 12 13 15 19  8  6 17]\n"," [ 9  8  8 10 11 11  7 16 11  8]\n"," [17 16  9 19  6  7  5  7 15  9]]\n","\n","Matrix Subtraction (D - E):\n"," [[-6  2 -1 -3 -3  1 -5  0 -4  0]\n"," [-1  2  6 -2  5  5 -3  3 -1 -5]\n"," [ 4  0  3 -5  2  2  3  3 -5 -3]\n"," [ 1  6  6 -1 -2  1  3  5  0  1]\n"," [-4  0  3 -2 -8 -1  8  5 -4  4]\n"," [ 1 -8 -3 -6 -4 -4  1  4  0 -4]\n"," [ 0  0  4 -1  2  7 -3  6  1 -5]\n"," [ 8  5  0 -8  3  1 -1 -6 -4  3]\n"," [-5  6  6 -4  3  7 -3 -2 -5  6]\n"," [-3  0  5  1  0 -3 -1 -5 -5  1]]\n","\n","Matrix Multiplication (D * E):\n"," [[237 260 192 339 257 250 227 191 240 260]\n"," [276 325 258 392 357 315 288 226 275 322]\n"," [320 388 273 418 368 359 306 250 328 343]\n"," [265 282 254 398 308 285 310 242 282 320]\n"," [322 293 254 428 295 277 367 260 266 327]\n"," [193 185 159 252 193 179 193 161 175 183]\n"," [291 345 290 425 372 349 333 248 294 361]\n"," [407 422 265 452 382 350 328 262 354 367]\n"," [291 328 217 397 313 317 258 236 307 296]\n"," [270 217 189 366 281 220 253 227 253 267]]\n"]}]}]}